1 --> Jammu and Kashmir
2 --> Himachal Pradesh
3 --> Punjab
4 --> Uttarakhand
5 --> Rajasthan
6 --> Haryana
7 --> UttarPradesh
8 --> MadhyaPradesh
9 --> Gujarath
10 --> Bihar
11 --> Chattisgarh
12 --> WestBengal
13 --> Jharkhand
14 --> Maharashtra
15 --> Orissa
16 --> Goa
17 --> Karnataka
18 --> Andhra Pradesh
19 --> Kerala
20 --> TamilNadu

Latitudes :
32.44 32.29 30.4 30.15 27.00 30.30 27.40 23.30 23.00 25.11 21.30 23.00 23.45 20.00 26.00 28.38 15.00 16.00 10.00 11.00
Longitudes :
74.54 74.54 75.5 79.15 74.00 74.60 80.00 80.00 72.00 85.32 82.00 87.00 85.30 76.00 94.20 72.12 75.00 80.00 76.25 78.00


Adjacency Matrix :

0 1 0 0 0 0 0 0 0 0 0 0 0 0 0 0 0 0 0 0
1 0 1 1 0 1 0 0 0 0 0 0 0 0 0 0 0 0 0 0
0 1 0 0 1 1 0 0 0 0 0 0 0 0 0 0 0 0 0 0
0 1 0 0 0 0 1 0 0 0 0 0 0 0 0 0 0 0 0 0
0 0 1 0 0 1 0 1 1 0 0 0 0 0 0 0 0 0 0 0
0 1 1 0 1 0 1 0 0 0 0 0 0 0 0 0 0 0 0 0
0 0 0 0 0 1 0 1 0 1 1 0 0 0 0 0 0 0 0 0
0 0 0 0 1 0 1 0 1 0 1 0 0 1 0 0 0 0 0 0
0 0 0 0 1 0 0 0 0 0 1 0 0 1 0 0 0 0 0 0
0 0 0 0 0 0 1 0 0 0 1 1 1 0 0 0 0 0 0 0
0 0 0 0 0 0 1 1 0 0 0 0 1 1 0 0 0 1 0 0
0 0 0 0 0 0 0 0 0 1 0 0 1 0 0 0 0 0 0 0
0 0 0 0 0 0 0 0 0 1 1 1 0 0 1 0 0 0 0 0
0 0 0 0 0 0 0 1 1 0 1 0 0 0 1 1 1 0 0 0
0 0 0 0 0 0 0 0 0 0 0 0 1 0 0 0 0 1 0 0
0 0 0 0 0 0 0 0 0 0 0 0 1 0 0 0 1 0 0 0
0 0 0 0 0 0 0 0 0 0 0 0 0 1 0 1 0 1 1 1
0 0 0 0 0 0 0 0 0 0 1 0 0 1 1 0 0 0 0 1
0 0 0 0 0 0 0 0 0 0 0 0 0 0 0 0 1 0 0 1
0 0 0 0 0 0 0 0 0 0 0 0 0 0 0 0 1 1 1 0



Weight Graph(Adjacency matrix) :

0.000000 26.685498 0.000000 0.000000 0.000000 0.000000 0.000000 0.000000 0.000000 0.000000 0.000000 0.000000 0.000000 0.000000 0.000000 0.000000 0.000000 0.000000 0.000000 0.000000 
26.685498 0.000000 219.940153 494.187826 0.000000 211.337156 0.000000 0.000000 0.000000 0.000000 0.000000 0.000000 0.000000 0.000000 0.000000 0.000000 0.000000 0.000000 0.000000 0.000000 
0.000000 219.940153 0.000000 0.000000 405.348604 87.069065 0.000000 0.000000 0.000000 0.000000 0.000000 0.000000 0.000000 0.000000 0.000000 0.000000 0.000000 0.000000 0.000000 0.000000 
0.000000 494.187826 0.000000 0.000000 0.000000 0.000000 316.790367 0.000000 0.000000 0.000000 0.000000 0.000000 0.000000 0.000000 0.000000 0.000000 0.000000 0.000000 0.000000 0.000000 
0.000000 0.000000 405.348604 0.000000 0.000000 371.564513 0.000000 730.524076 488.264187 0.000000 0.000000 0.000000 0.000000 0.000000 0.000000 0.000000 0.000000 0.000000 0.000000 0.000000 
0.000000 211.337156 87.069065 0.000000 371.564513 0.000000 616.755192 0.000000 0.000000 0.000000 0.000000 0.000000 0.000000 0.000000 0.000000 0.000000 0.000000 0.000000 0.000000 0.000000 
0.000000 0.000000 0.000000 0.000000 0.000000 616.755192 0.000000 455.877266 0.000000 588.355727 707.823455 0.000000 0.000000 0.000000 0.000000 0.000000 0.000000 0.000000 0.000000 0.000000 
0.000000 0.000000 0.000000 0.000000 730.524076 0.000000 455.877266 0.000000 818.467360 0.000000 302.947809 0.000000 0.000000 552.666886 0.000000 0.000000 0.000000 0.000000 0.000000 0.000000 
0.000000 0.000000 0.000000 0.000000 488.264187 0.000000 0.000000 0.000000 0.000000 0.000000 1046.802337 0.000000 0.000000 531.451695 0.000000 0.000000 0.000000 0.000000 0.000000 0.000000 
0.000000 0.000000 0.000000 0.000000 0.000000 0.000000 588.355727 0.000000 0.000000 0.000000 542.686083 290.055843 184.585827 0.000000 0.000000 0.000000 0.000000 0.000000 0.000000 0.000000 
0.000000 0.000000 0.000000 0.000000 0.000000 0.000000 707.823455 302.947809 0.000000 0.000000 0.000000 0.000000 415.028227 640.737975 0.000000 0.000000 0.000000 625.805452 0.000000 0.000000 
0.000000 0.000000 0.000000 0.000000 0.000000 0.000000 0.000000 0.000000 0.000000 290.055843 0.000000 0.000000 180.765644 0.000000 0.000000 0.000000 0.000000 0.000000 0.000000 0.000000 
0.000000 0.000000 0.000000 0.000000 0.000000 0.000000 0.000000 0.000000 0.000000 184.585827 415.028227 180.765644 0.000000 0.000000 942.258487 0.000000 0.000000 0.000000 0.000000 0.000000 
0.000000 0.000000 0.000000 0.000000 0.000000 0.000000 0.000000 552.666886 531.451695 0.000000 640.737975 0.000000 0.000000 0.000000 1976.267495 1011.240820 565.962858 0.000000 0.000000 0.000000 
0.000000 0.000000 0.000000 0.000000 0.000000 0.000000 0.000000 0.000000 0.000000 0.000000 0.000000 0.000000 942.258487 0.000000 0.000000 0.000000 0.000000 1843.812958 0.000000 0.000000 
0.000000 0.000000 0.000000 0.000000 0.000000 0.000000 0.000000 0.000000 0.000000 0.000000 0.000000 0.000000 1426.397176 0.000000 0.000000 0.000000 1516.984239 0.000000 0.000000 0.000000 
0.000000 0.000000 0.000000 0.000000 0.000000 0.000000 0.000000 0.000000 0.000000 0.000000 0.000000 0.000000 0.000000 565.962858 0.000000 1516.984239 0.000000 547.125179 572.256097 550.814449 
0.000000 0.000000 0.000000 0.000000 0.000000 0.000000 0.000000 0.000000 0.000000 0.000000 625.805452 0.000000 0.000000 613.700319 1843.812958 0.000000 0.000000 0.000000 0.000000 596.490125 
0.000000 0.000000 0.000000 0.000000 0.000000 0.000000 0.000000 0.000000 0.000000 0.000000 0.000000 0.000000 0.000000 0.000000 0.000000 0.000000 572.256097 0.000000 0.000000 221.284145 
0.000000 0.000000 0.000000 0.000000 0.000000 0.000000 0.000000 0.000000 0.000000 0.000000 0.000000 0.000000 0.000000 0.000000 0.000000 0.000000 550.814449 596.490125 221.284145 0.000000 
